<<<<<<< HEAD
1.280000000000000027e+00
4.600000000000000200e-01
2.800000000000000266e-01
2.000000000000000111e-01
1.499999999999999944e-01
1.300000000000000044e-01
1.100000000000000006e-01
8.999999999999999667e-02
8.000000000000000167e-02
7.000000000000000666e-02
7.000000000000000666e-02
=======
2.458999999999999986e+01
2.035000000000000142e+01
1.626999999999999957e+01
1.244999999999999929e+01
9.080000000000000071e+00
6.389999999999999680e+00
4.490000000000000213e+00
3.279999999999999805e+00
2.509999999999999787e+00
2.000000000000000000e+00
1.659999999999999920e+00
>>>>>>> origin/master
