8.950
8.311
8.340
8.296
8.345
8.296
8.335
8.345
8.291
8.325
8.335
8.311
8.311
8.311
8.276
8.296
8.276
8.306
8.315
8.296
8.296
8.311
8.286
8.267
8.271
8.247
8.271
8.257
8.257
8.252
8.291
8.247
8.262
8.296
8.296
8.267
8.271
8.286
8.237
8.286
8.271
8.271
8.286
8.252
8.237
8.247
8.267
8.286
8.242
8.286
8.281
8.291
8.228
8.276
8.267
8.247
8.271
8.296
8.252
8.237
8.247
8.242
8.281
8.281
8.286
8.281
8.291
8.247
8.242
8.296
8.276
8.281
8.301
8.271
8.237
8.291
8.262
8.271
8.237
8.232
8.242
8.237
8.291
8.242
8.242
8.281
8.267
8.228
8.257
8.291
8.271
8.252
8.262
8.281
8.281
8.276
8.232
8.257
8.267
8.242
8.257
8.247
8.291
8.247
8.286
8.271
8.296
8.247
8.286
8.296
8.267
8.271
8.232
8.247
8.247
8.252
8.252
8.247
8.242
8.286
8.232
8.281
8.257
8.247
8.247
8.271
8.271
8.281
8.276
8.242
8.262
8.271
8.237
8.242
8.286
8.262
8.242
8.467
8.345
8.306
8.315
8.311
8.276
8.291
8.237
8.276
8.276
8.252
8.223
8.237
8.228
8.242
8.198
8.237
8.174
8.174
8.208
8.203
8.179
8.149
8.193
8.135
8.184
8.169
8.149
8.159
8.154
8.091
8.125
8.120
8.066
8.071
8.096
8.052
8.101
8.057
8.037
8.042
8.037
7.993
8.042
7.988
7.969
8.008
7.964
7.979
7.925
7.944
7.920
7.935
7.939
7.935
7.866
7.866
7.910
7.876
7.852
7.866
7.832
7.822
7.783
7.783
7.812
7.744
7.744
7.759
7.754
7.769
7.695
7.734
7.681
7.666
7.690
7.700
7.671
7.651
7.666
7.651
7.622
7.651
7.588
7.627
7.617
7.583
7.568
7.598
7.549
7.544
7.520
7.559
7.539
7.559
7.534
7.480
7.515
7.476
7.515
7.495
7.495
7.456
7.485
7.490
7.476
7.451
7.437
7.402
7.446
7.441
7.407
7.427
7.427
7.412
7.407
7.412
7.368
7.397
7.363
7.388
7.319
7.339
7.354
7.329
7.368
7.349
7.354
7.310
7.334
7.305
7.319
7.319
7.266
7.290
7.310
7.319
7.285
7.310
7.295
7.305
7.305
7.300
7.246
7.285
7.275
7.261
7.222
7.275
7.231
7.227
7.261
7.222
7.236
7.192
7.227
7.227
7.222
7.246
7.202
7.187
7.212
7.202
7.207
7.183
7.217
7.192
7.158
7.217
7.192
7.197
7.144
7.163
7.192
7.148
7.134
7.183
7.158
7.144
7.124
7.168
7.134
7.114
7.129
7.163
7.119
7.114
7.158
7.100
7.139
7.144
7.109
7.100
7.104
7.114
7.134
7.139
7.095
7.100
7.134
7.104
7.080
7.114
7.075
7.100
7.056
7.104
7.104
7.109
7.061
7.104
7.061
7.100
7.056
7.041
7.061
7.095
7.090
7.061
7.080
7.075
7.075
7.080
7.026
7.046
7.075
7.051
7.036
7.026
7.026
7.026
7.041
7.056
7.007
7.036
7.056
7.061
7.061
7.041
7.002
7.036
7.017
7.046
7.046
6.992
6.997
7.041
7.012
7.036
6.992
7.021
7.007
6.987
7.002
7.031
6.992
6.997
7.007
7.021
6.982
6.978
6.978
6.978
7.012
6.958
7.017
6.987
7.002
6.958
6.958
6.978
6.943
6.997
6.963
6.953
6.987
6.973
6.934
6.997
6.958
6.958
6.934
6.987
6.943
6.963
6.992
6.968
6.953
6.934
6.934
6.948
6.982
6.934
6.934
6.978
6.924
6.958
6.963
6.963
6.968
6.934
6.929
6.909
6.919
6.914
6.948
6.943
6.929
6.948
6.924
6.924
6.938
6.953
6.943
6.943
6.938
6.948
6.909
6.938
6.919
6.934
6.919
6.924
6.948
6.909
6.890
6.895
6.919
6.895
6.938
6.924
6.890
6.919
6.870
6.890
6.914
6.904
6.860
6.870
6.890
6.885
6.870
6.890
6.895
6.914
6.851
6.860
6.865
6.860
6.904
6.914
6.870
6.904
6.909
6.899
6.895
6.860
6.836
6.885
6.855
6.899
6.885
6.880
6.855
6.851
6.851
6.841
6.851
6.846
6.880
6.865
6.870
6.836
6.865
6.836
6.855
6.865
6.821
6.865
6.870
6.880
6.826
6.846
6.846
6.816
6.836
6.860
6.846
6.855
6.826
6.836
6.807
6.841
6.846
6.807
6.816
6.860
6.870
6.812
6.851
6.865
6.821
6.816
6.816
6.855
6.846
6.851
6.831
6.831
6.860
6.846
6.851
6.855
6.807
6.851
6.846
6.802
6.841
6.821
6.816
6.807
6.831
6.797
6.807
6.836
6.782
6.831
6.787
6.792
6.846
6.821
6.836
6.836
6.821
6.782
6.812
6.802
6.812
6.821
6.787
6.821
6.807
6.831
6.782
6.792
6.787
6.768
6.782
6.758
6.816
6.812
6.782
6.812
6.777
6.777
6.758
6.782
6.772
6.763
6.753
6.802
6.772
6.797
6.772
6.768
6.787
6.748
6.763
6.753
6.753
6.763
6.768
6.758
6.787
6.792
6.787
6.748
6.777
6.787
6.753
6.738
6.782
6.753
6.743
6.777
6.792
6.743
6.748
6.763
6.743
6.733
6.748
6.768
6.748
6.738
6.758
6.743
6.729
6.768
6.772
6.724
6.733
6.719
6.729
6.733
6.724
6.758
6.729
6.748
6.733
6.777
6.738
6.763
6.724
6.714
6.719
6.758
6.704
6.763
6.733
6.704
6.724
6.748
6.768
6.758
6.709
6.724
6.699
6.699
6.753
6.709
6.694
6.719
6.724
6.714
6.680
6.733
6.719
6.738
6.689
6.724
6.748
6.689
6.694
6.709
6.689
6.694
6.709
6.685
6.670
6.670
6.719
6.729
6.719
6.709
6.689
6.680
6.709
6.704
6.709
6.689
6.670
6.650
6.650
6.665
6.685
6.694
6.694
6.689
6.675
6.636
6.650
6.675
6.670
6.675
6.670
6.631
6.636
6.631
6.660
6.646
6.646
6.621
6.650
6.631
6.611
6.655
6.665
6.646
6.606
6.636
6.606
6.592
6.592
6.602
6.631
6.616
6.597
6.602
6.611
6.611
6.587
6.577
6.597
6.606
6.582
6.621
6.592
6.602
6.558
6.597
6.562
6.592
6.553
6.572
6.582
6.548
6.528
6.548
6.548
6.567
6.523
6.562
6.558
6.567
6.543
6.509
6.509
6.548
6.514
6.562
6.553
6.504
6.494
6.489
6.484
6.489
6.528
6.475
6.470
6.484
6.460
6.499
6.499
6.489
6.475
6.460
6.489
6.470
6.445
6.470
6.426
6.470
6.455
6.465
6.460
6.465
6.431
6.431
6.436
6.445
6.387
6.401
6.401
6.411
6.392
6.392
6.401
6.357
6.367
6.392
6.362
6.406
6.343
6.392
6.377
6.392
6.348
6.367
6.377
6.353
6.333
6.304
6.353
6.348
6.353
6.343
6.328
6.289
6.304
6.289
6.289
6.304
6.255
6.304
6.299
6.309
6.274
6.284
6.240
6.260
6.274
6.221
6.260
6.250
6.211
6.230
6.230
6.216
6.196
6.191
6.206
6.206
6.187
6.167
6.157
6.196
6.191
6.147
6.128
6.177
6.128
6.113
6.143
6.113
6.143
6.147
6.143
6.128
6.118
6.133
6.079
6.108
6.079
6.089
6.060
6.079
6.060
6.055
6.084
6.064
6.060
6.045
6.060
5.996
6.040
6.040
6.011
6.025
6.011
5.986
6.016
6.021
6.016
5.962
5.977
5.937
5.977
5.962
5.942
5.962
5.967
5.957
5.972
5.908
5.918
5.952
5.903
5.928
5.879
5.889
5.889
5.933
5.864
5.884
5.874
5.908
5.850
5.898
5.869
5.835
5.840
5.840
5.884
5.850
5.825
5.850
5.820
5.854
5.815
5.796
5.806
5.820
5.781
5.820
5.791
5.801
5.825
5.762
5.791
5.815
5.811
5.762
5.806
5.776
5.767
5.781
5.728
5.742
5.771
5.762
5.776
5.723
5.747
5.713
5.698
5.737
5.698
5.693
5.732
5.742
5.698
5.728
5.728
5.688
5.684
5.664
5.664
5.669
5.698
5.649
5.649
5.640
5.659
5.645
5.669
5.669
5.688
5.669
5.654
5.679
5.654
5.625
5.605
5.610
5.654
5.615
5.605
5.630
5.610
5.620
5.591
5.635
5.615
5.562
5.615
5.605
5.615
5.596
5.581
5.552
5.547
5.557
5.571
5.586
5.601
5.552
5.537
5.547
5.537
5.552
5.513
5.547
5.532
5.566
5.562
5.557
5.518
5.571
5.537
5.552
5.488
5.542
5.493
5.542
5.518
5.479
5.498
5.532
5.464
5.503
5.483
5.474
5.493
5.479
5.518
5.464
5.508
5.518
5.459
5.498
5.498
5.493
5.439
5.483
5.469
5.459
5.435
5.488
5.444
5.464
5.479
5.420
5.444
5.420
5.439
5.464
5.459
5.435
5.405
5.415
5.420
5.410
5.449
5.405
5.405
5.415
5.420
5.439
5.415
5.396
5.454
5.449
5.420
5.386
5.376
5.376
5.381
5.410
5.420
5.391
5.371
5.420
5.376
5.425
5.405
5.371
5.376
5.410
5.381
5.356
5.356
5.400
5.361
5.366
5.356
5.337
5.356
5.366
5.400
5.352
5.332
5.381
5.347
5.361
5.342
5.327
5.386
5.371
5.317
5.376
5.347
5.361
5.327
5.361
5.356
5.337
5.352
5.317
5.352
5.322
5.308
5.347
5.298
5.308
5.332
5.312
5.298
5.308
5.347
5.322
5.308
5.332
5.283
5.303
5.337
5.278
5.312
5.278
5.278
5.288
5.322
5.278
5.337
5.317
5.298
5.283
5.312
5.322
5.312
5.273
5.269
5.303
5.264
5.283
5.283
5.244
5.312
5.298
5.278
5.308
5.312
5.288
5.244
5.308
5.244
5.288
5.283
5.288
5.254
5.278
5.264
5.283
5.234
5.249
5.273
5.244
5.264
5.278
5.249
5.249
5.220
5.254
5.269
5.269
5.220
5.244
5.215
5.239
5.229
5.244
5.234
5.249
5.244
5.254
5.229
5.215
5.225
5.254
5.269
5.225
5.244
5.200
5.229
5.244
5.269
5.210
5.249
5.200
5.200
5.234
5.234
5.249
5.225
5.190
5.244
5.220
5.220
5.190
5.190
5.195
5.190
5.171
5.210
5.190
5.210
5.205
5.210
5.229
5.210
5.205
5.220
5.229
5.176
5.176
5.200
5.181
5.205
5.171
5.146
5.200
5.156
5.156
5.161
5.210
5.161
5.205
5.166
5.171
5.161
5.181
5.156
5.137
5.200
5.151
5.146
5.181
5.171
5.176
5.146
5.137
5.161
5.156
5.181
5.171
5.171
5.122
5.186
5.181
5.181
5.161
5.176
5.166
5.176
5.176
5.127
5.117
5.122
5.122
5.112
5.122
5.127
5.142
5.151
5.171
5.146
5.171
5.166
5.156
5.107
5.112
5.098
5.137
5.132
5.156
5.132
5.117
5.146
5.137
5.103
5.112
5.098
5.112
5.146
5.107
5.137
5.146
5.103
5.142
5.083
5.117
5.073
5.103
5.146
5.093
5.088
5.083
5.127
5.098
5.088
5.117
5.078
5.068
5.122
5.078
5.127
5.093
5.073
5.054
5.103
5.073
5.093
5.112
5.063
5.117
5.083
5.103
5.063
5.054
5.059
5.098
5.098
5.054
5.112
5.083
5.039
5.088
5.078
5.049
5.063
5.098
5.093
5.073
5.063
5.078
5.054
5.073
5.098
5.059
5.073
5.068
5.044
5.044
5.093
5.068
5.063
5.039
5.073
5.029
5.049
5.059
5.078
5.083
5.039
5.078
5.034
5.078
5.049
5.073
5.020
5.034
5.029
5.024
5.029
5.039
5.039
5.063
5.034
5.054
5.024